  -1.0000000e+00   4.7381250e-07  -6.3243935e+01
  -9.9800000e-01   4.7114368e-07  -6.3268466e+01
  -9.9600000e-01   4.6312680e-07  -6.3343001e+01
  -9.9400000e-01   4.4991252e-07  -6.3468719e+01
  -9.9200000e-01   4.3177249e-07  -6.3647450e+01
  -9.9000000e-01   4.0909463e-07  -6.3881762e+01
  -9.8800000e-01   3.8237566e-07  -6.4175098e+01
  -9.8600000e-01   3.5221097e-07  -6.4531971e+01
  -9.8400000e-01   3.1928222e-07  -6.4958253e+01
  -9.8200000e-01   2.8434267e-07  -6.5461580e+01
  -9.8000000e-01   2.4820075e-07  -6.6051969e+01
  -9.7800000e-01   2.1170212e-07  -6.6742748e+01
  -9.7600000e-01   1.7571072e-07  -6.7552017e+01
  -9.7400000e-01   1.4108908e-07  -6.8505066e+01
  -9.7200000e-01   1.0867848e-07  -6.9638564e+01
  -9.7000000e-01   7.9279353e-08  -7.1008399e+01
  -9.6800000e-01   5.3632385e-08  -7.2705729e+01
  -9.6600000e-01   3.2400798e-08  -7.4894443e+01
  -9.6400000e-01   1.6154178e-08  -7.7917151e+01
  -9.6200000e-01   5.3543011e-09  -8.2712972e+01
  -9.6000000e-01   3.4327648e-10  -9.4643560e+01
  -9.5800000e-01   1.3343193e-09  -8.8747402e+01
  -9.5600000e-01   8.4053975e-09  -8.0754417e+01
  -9.5400000e-01   2.1495933e-08  -7.6676437e+01
  -9.5200000e-01   4.0406672e-08  -7.3935469e+01
  -9.5000000e-01   6.4802755e-08  -7.1884065e+01
  -9.4800000e-01   9.4219968e-08  -7.0258570e+01
  -9.4600000e-01   1.2807405e-07  -6.8925389e+01
  -9.4400000e-01   1.6567287e-07  -6.7807486e+01
  -9.4200000e-01   2.0623126e-07  -6.6856455e+01
  -9.4000000e-01   2.4888815e-07  -6.6039958e+01
  -9.3800000e-01   2.9272559e-07  -6.5335393e+01
  -9.3600000e-01   3.3678940e-07  -6.4726416e+01
  -9.3400000e-01   3.8011074e-07  -6.4200899e+01
  -9.3200000e-01   4.2172832e-07  -6.3749672e+01
  -9.3000000e-01   4.6071066e-07  -6.3365717e+01
  -9.2800000e-01   4.9617777e-07  -6.3043627e+01
  -9.2600000e-01   5.2732202e-07  -6.2779241e+01
  -9.2400000e-01   5.5342730e-07  -6.2569394e+01
  -9.2200000e-01   5.7388645e-07  -6.2411740e+01
  -9.2000000e-01   5.8821613e-07  -6.2304631e+01
  -9.1800000e-01   5.9606905e-07  -6.2247034e+01
  -9.1600000e-01   5.9724307e-07  -6.2238489e+01
  -9.1400000e-01   5.9168706e-07  -6.2279079e+01
  -9.1200000e-01   5.7950318e-07  -6.2369442e+01
  -9.1000000e-01   5.6094569e-07  -6.2510792e+01
  -9.0800000e-01   5.3641615e-07  -6.2704982e+01
  -9.0600000e-01   5.0645515e-07  -6.2954590e+01
  -9.0400000e-01   4.7173070e-07  -6.3263059e+01
  -9.0200000e-01   4.3302353e-07  -6.3634885e+01
  -9.0000000e-01   3.9120974e-07  -6.4075903e+01
  -8.9800000e-01   3.4724094e-07  -6.4593691e+01
  -8.9600000e-01   3.0212260e-07  -6.5198168e+01
  -8.9400000e-01   2.5689094e-07  -6.5902512e+01
  -8.9200000e-01   2.1258894e-07  -6.6724593e+01
  -8.9000000e-01   1.7024209e-07  -6.7689331e+01
  -8.8800000e-01   1.3083438e-07  -6.8832781e+01
  -8.8600000e-01   9.5285145e-08  -7.0209748e+01
  -8.8400000e-01   6.4427330e-08  -7.1909299e+01
  -8.8200000e-01   3.8987679e-08  -7.4090726e+01
  -8.8000000e-01   1.9569364e-08  -7.7084233e+01
  -8.7800000e-01   6.6374663e-09  -8.1779977e+01
  -8.7600000e-01   5.0769015e-10  -9.2944013e+01
  -8.7400000e-01   1.3385826e-09  -8.8733548e+01
  -8.7200000e-01   9.1274811e-09  -8.0396491e+01
  -8.7000000e-01   2.3710296e-08  -7.6250630e+01
  -8.6800000e-01   4.4765154e-08  -7.3490599e+01
  -8.6600000e-01   7.1819826e-08  -7.1437556e+01
  -8.6400000e-01   1.0426278e-07  -6.9818707e+01
  -8.6200000e-01   1.4135758e-07  -6.8496809e+01
  -8.6000000e-01   1.8226035e-07  -6.7393078e+01
  -8.5800000e-01   2.2603976e-07  -6.6458152e+01
  -8.5600000e-01   2.7169921e-07  -6.5659116e+01
  -8.5400000e-01   3.1820052e-07  -6.4972991e+01
  -8.5200000e-01   3.6448864e-07  -6.4383160e+01
  -8.5000000e-01   4.0951672e-07  -6.3877284e+01
  -8.4800000e-01   4.5227089e-07  -6.3446014e+01
  -8.4600000e-01   4.9179425e-07  -6.3082166e+01
  -8.4400000e-01   5.2720926e-07  -6.2780170e+01
  -8.4200000e-01   5.5773824e-07  -6.2535696e+01
  -8.4000000e-01   5.8272112e-07  -6.2345392e+01
  -8.3800000e-01   6.0163038e-07  -6.2206702e+01
  -8.3600000e-01   6.1408244e-07  -6.2117733e+01
  -8.3400000e-01   6.1984544e-07  -6.2077166e+01
  -8.3200000e-01   6.1884321e-07  -6.2084194e+01
  -8.3000000e-01   6.1115518e-07  -6.2138485e+01
  -8.2800000e-01   5.9701242e-07  -6.2240166e+01
  -8.2600000e-01   5.7678985e-07  -6.2389824e+01
  -8.2400000e-01   5.5099483e-07  -6.2588525e+01
  -8.2200000e-01   5.2025250e-07  -6.2837858e+01
  -8.2000000e-01   4.8528823e-07  -6.3140002e+01
  -8.1800000e-01   4.4690768e-07  -6.3497822e+01
  -8.1600000e-01   4.0597507e-07  -6.3915006e+01
  -8.1400000e-01   3.6339021e-07  -6.4396268e+01
  -8.1200000e-01   3.2006491e-07  -6.4947619e+01
  -8.1000000e-01   2.7689948e-07  -6.5576779e+01
  -8.0800000e-01   2.3476001e-07  -6.6293759e+01
  -8.0600000e-01   1.9445687e-07  -6.7111767e+01
  -8.0400000e-01   1.5672529e-07  -6.8048609e+01
  -8.0200000e-01   1.2220834e-07  -6.9128992e+01
  -8.0000000e-01   9.1442846e-08  -7.0388503e+01
  -7.9800000e-01   6.4848668e-08  -7.1880989e+01
  -7.9600000e-01   4.2721500e-08  -7.3693535e+01
  -7.9400000e-01   2.5229462e-08  -7.5980920e+01
  -7.9200000e-01   1.2413470e-08  -7.9061068e+01
  -7.9000000e-01   4.1913409e-09  -8.3776470e+01
  -7.8800000e-01   3.6543920e-10  -9.4371849e+01
  -7.8600000e-01   6.3357625e-10  -9.1982011e+01
  -7.8400000e-01   4.6027589e-09  -8.3369818e+01
  -7.8200000e-01   1.1805300e-08  -7.9279230e+01
  -7.8000000e-01   2.1716727e-08  -7.6632056e+01
  -7.7800000e-01   3.3774863e-08  -7.4714064e+01
  -7.7600000e-01   4.7399427e-08  -7.3242269e+01
  -7.7400000e-01   6.2011480e-08  -7.2075279e+01
  -7.7200000e-01   7.7052053e-08  -7.1132158e+01
  -7.7000000e-01   9.1999332e-08  -7.0362153e+01
  -7.6800000e-01   1.0638383e-07  -6.9731244e+01
  -7.6600000e-01   1.1980109e-07  -6.9215392e+01
  -7.6400000e-01   1.3192145e-07  -6.8796846e+01
  -7.6200000e-01   1.4249673e-07  -6.8461951e+01
  -7.6000000e-01   1.5136365e-07  -6.8199784e+01
  -7.5800000e-01   1.5844395e-07  -6.8001243e+01
  -7.5600000e-01   1.6374148e-07  -6.7858413e+01
  -7.5400000e-01   1.6733659e-07  -6.7764091e+01
  -7.5200000e-01   1.6937813e-07  -6.7711427e+01
  -7.5000000e-01   1.7007383e-07  -6.7693625e+01
  -7.4800000e-01   1.6967977e-07  -6.7703699e+01
  -7.4600000e-01   1.6848953e-07  -6.7734271e+01
  -7.4400000e-01   1.6682416e-07  -6.7777411e+01
  -7.4200000e-01   1.6502363e-07  -6.7824539e+01
  -7.4000000e-01   1.6344069e-07  -6.7866398e+01
  -7.3800000e-01   1.6243790e-07  -6.7893126e+01
  -7.3600000e-01   1.6238855e-07  -6.7894446e+01
  -7.3400000e-01   1.6368190e-07  -6.7859993e+01
  -7.3200000e-01   1.6673306e-07  -6.7779783e+01
  -7.3000000e-01   1.7199754e-07  -6.7644778e+01
  -7.2800000e-01   1.7999029e-07  -6.7447509e+01
  -7.2600000e-01   1.9130847e-07  -6.7182658e+01
  -7.2400000e-01   2.0665725e-07  -6.6847493e+01
  -7.2200000e-01   2.2687711e-07  -6.6442093e+01
  -7.2000000e-01   2.5297104e-07  -6.5969292e+01
  -7.1800000e-01   2.8612972e-07  -6.5434370e+01
  -7.1600000e-01   3.2775214e-07  -6.4844545e+01
  -7.1400000e-01   3.7945912e-07  -6.4208350e+01
  -7.1200000e-01   4.4309691e-07  -6.3535013e+01
  -7.1000000e-01   5.2072780e-07  -6.2833892e+01
  -7.0800000e-01   6.1460490e-07  -6.2114040e+01
  -7.0600000e-01   7.2712810e-07  -6.1383891e+01
  -7.0400000e-01   8.6077873e-07  -6.0651085e+01
  -7.0200000e-01   1.0180307e-06  -5.9922391e+01
  -7.0000000e-01   1.2012366e-06  -5.9203714e+01
  -6.9800000e-01   1.4124886e-06  -5.8500150e+01
  -6.9600000e-01   1.6534532e-06  -5.7816081e+01
  -6.9400000e-01   1.9251837e-06  -5.7155278e+01
  -6.9200000e-01   2.2279116e-06  -5.6521021e+01
  -6.9000000e-01   2.5608230e-06  -5.5916204e+01
  -6.8800000e-01   2.9218276e-06  -5.5343454e+01
  -6.8600000e-01   3.3073288e-06  -5.4805226e+01
  -6.8400000e-01   3.7120066e-06  -5.4303913e+01
  -6.8200000e-01   4.1286296e-06  -5.3841941e+01
  -6.8000000e-01   4.5479124e-06  -5.3421879e+01
  -6.7800000e-01   4.9584382e-06  -5.3046551e+01
  -6.7600000e-01   5.3466735e-06  -5.2719163e+01
  -6.7400000e-01   5.6970980e-06  -5.2443463e+01
  -6.7200000e-01   5.9924840e-06  -5.2223931e+01
  -6.7000000e-01   6.2143558e-06  -5.2066039e+01
  -6.6800000e-01   6.3436677e-06  -5.1976596e+01
  -6.6600000e-01   6.3617406e-06  -5.1964240e+01
  -6.6400000e-01   6.2514985e-06  -5.2040159e+01
  -6.6200000e-01   5.9990514e-06  -5.2219174e+01
  -6.6000000e-01   5.5956705e-06  -5.2521479e+01
  -6.5800000e-01   5.0402066e-06  -5.2975517e+01
  -6.5600000e-01   4.3419992e-06  -5.3623103e+01
  -6.5400000e-01   3.5243290e-06  -5.4529236e+01
  -6.5200000e-01   2.6284623e-06  -5.5802982e+01
  -6.5000000e-01   1.7183388e-06  -5.7648912e+01
  -6.4800000e-01   8.8594802e-07  -6.0525918e+01
  -6.4600000e-01   2.5744105e-07  -6.5893222e+01
  -6.4400000e-01   1.8664949e-11  -1.0728973e+02
  -6.4200000e-01   3.2963207e-07  -6.4819705e+01
  -6.4000000e-01   1.5195281e-06  -5.8182913e+01
  -6.3800000e-01   3.9096634e-06  -5.4078606e+01
  -6.3600000e-01   7.9170047e-06  -5.1014391e+01
  -6.3400000e-01   1.4046723e-05  -4.8524250e+01
  -6.3200000e-01   2.2904282e-05  -4.6400833e+01
  -6.3000000e-01   3.5208408e-05  -4.4533536e+01
  -6.2800000e-01   5.1804915e-05  -4.2856290e+01
  -6.2600000e-01   7.3681357e-05  -4.1326424e+01
  -6.2400000e-01   1.0198245e-04  -3.9914746e+01
  -6.2200000e-01   1.3802621e-04  -3.8600384e+01
  -6.2000000e-01   1.8332073e-04  -3.7367884e+01
  -6.1800000e-01   2.3958146e-04  -3.6205468e+01
  -6.1600000e-01   3.0874901e-04  -3.5103944e+01
  -6.1400000e-01   3.9300720e-04  -3.4055995e+01
  -6.1200000e-01   4.9480130e-04  -3.3055692e+01
  -6.1000000e-01   6.1685631e-04  -3.2098160e+01
  -6.0800000e-01   7.6219516e-04  -3.1179338e+01
  -6.0600000e-01   9.3415652e-04  -3.0295804e+01
  -6.0400000e-01   1.1364122e-03  -2.9444641e+01
  -6.0200000e-01   1.3729837e-03  -2.8623346e+01
  -6.0000000e-01   1.6482581e-03  -2.7829748e+01
  -5.9800000e-01   1.9670026e-03  -2.7061951e+01
  -5.9600000e-01   2.3343781e-03  -2.6318288e+01
  -5.9400000e-01   2.7559503e-03  -2.5597286e+01
  -5.9200000e-01   3.2377004e-03  -2.4897633e+01
  -5.9000000e-01   3.7860323e-03  -2.4218157e+01
  -5.8800000e-01   4.4077788e-03  -2.3557802e+01
  -5.8600000e-01   5.1102045e-03  -2.2915617e+01
  -5.8400000e-01   5.9010063e-03  -2.2290739e+01
  -5.8200000e-01   6.7883107e-03  -2.1682383e+01
  -5.8000000e-01   7.7806691e-03  -2.1089831e+01
  -5.7800000e-01   8.8870482e-03  -2.0512425e+01
  -5.7600000e-01   1.0116818e-02  -1.9949561e+01
  -5.7400000e-01   1.1479737e-02  -1.9400681e+01
  -5.7200000e-01   1.2985930e-02  -1.8865270e+01
  -5.7000000e-01   1.4645869e-02  -1.8342849e+01
  -5.6800000e-01   1.6470343e-02  -1.7832974e+01
  -5.6600000e-01   1.8470428e-02  -1.7335230e+01
  -5.6400000e-01   2.0657454e-02  -1.6849232e+01
  -5.6200000e-01   2.3042964e-02  -1.6374617e+01
  -5.6000000e-01   2.5638671e-02  -1.5911045e+01
  -5.5800000e-01   2.8456419e-02  -1.5458198e+01
  -5.5600000e-01   3.1508123e-02  -1.5015775e+01
  -5.5400000e-01   3.4805726e-02  -1.4583493e+01
  -5.5200000e-01   3.8361137e-02  -1.4161085e+01
  -5.5000000e-01   4.2186175e-02  -1.3748298e+01
  -5.4800000e-01   4.6292510e-02  -1.3344893e+01
  -5.4600000e-01   5.0691593e-02  -1.2950641e+01
  -5.4400000e-01   5.5394598e-02  -1.2565326e+01
  -5.4200000e-01   6.0412350e-02  -1.2188743e+01
  -5.4000000e-01   6.5755261e-02  -1.1820695e+01
  -5.3800000e-01   7.1433258e-02  -1.1460995e+01
  -5.3600000e-01   7.7455718e-02  -1.1109465e+01
  -5.3400000e-01   8.3831393e-02  -1.0765933e+01
  -5.3200000e-01   9.0568352e-02  -1.0430235e+01
  -5.3000000e-01   9.7673905e-02  -1.0102214e+01
  -5.2800000e-01   1.0515454e-01  -9.7817195e+00
  -5.2600000e-01   1.1301588e-01  -9.4686053e+00
  -5.2400000e-01   1.2126258e-01  -9.1627320e+00
  -5.2200000e-01   1.2989831e-01  -8.8639651e+00
  -5.2000000e-01   1.3892569e-01  -8.5721745e+00
  -5.1800000e-01   1.4834623e-01  -8.2872348e+00
  -5.1600000e-01   1.5816032e-01  -8.0090246e+00
  -5.1400000e-01   1.6836714e-01  -7.7374265e+00
  -5.1200000e-01   1.7896468e-01  -7.4723268e+00
  -5.1000000e-01   1.8994965e-01  -7.2136150e+00
  -5.0800000e-01   2.0131753e-01  -6.9611840e+00
  -5.0600000e-01   2.1306251e-01  -6.7149296e+00
  -5.0400000e-01   2.2517749e-01  -6.4747503e+00
  -5.0200000e-01   2.3765407e-01  -6.2405474e+00
  -5.0000000e-01   2.5048259e-01  -6.0122245e+00
  -4.9800000e-01   2.6365211e-01  -5.7896876e+00
  -4.9600000e-01   2.7715041e-01  -5.5728447e+00
  -4.9400000e-01   2.9096410e-01  -5.3616060e+00
  -4.9200000e-01   3.0507855e-01  -5.1558833e+00
  -4.9000000e-01   3.1947801e-01  -4.9555903e+00
  -4.8800000e-01   3.3414562e-01  -4.7606423e+00
  -4.8600000e-01   3.4906346e-01  -4.5709561e+00
  -4.8400000e-01   3.6421265e-01  -4.3864497e+00
  -4.8200000e-01   3.7957337e-01  -4.2070426e+00
  -4.8000000e-01   3.9512496e-01  -4.0326554e+00
  -4.7800000e-01   4.1084597e-01  -3.8632097e+00
  -4.7600000e-01   4.2671428e-01  -3.6986282e+00
  -4.7400000e-01   4.4270716e-01  -3.5388345e+00
  -4.7200000e-01   4.5880136e-01  -3.3837530e+00
  -4.7000000e-01   4.7497322e-01  -3.2333088e+00
  -4.6800000e-01   4.9119873e-01  -3.0874276e+00
  -4.6600000e-01   5.0745367e-01  -2.9460360e+00
  -4.6400000e-01   5.2371368e-01  -2.8090608e+00
  -4.6200000e-01   5.3995436e-01  -2.6764295e+00
  -4.6000000e-01   5.5615138e-01  -2.5480698e+00
  -4.5800000e-01   5.7228059e-01  -2.4239099e+00
  -4.5600000e-01   5.8831806e-01  -2.3038782e+00
  -4.5400000e-01   6.0424026e-01  -2.1879034e+00
  -4.5200000e-01   6.2002408e-01  -2.0759144e+00
  -4.5000000e-01   6.3564696e-01  -1.9678402e+00
  -4.4800000e-01   6.5108697e-01  -1.8636100e+00
  -4.4600000e-01   6.6632287e-01  -1.7631528e+00
  -4.4400000e-01   6.8133423e-01  -1.6663979e+00
  -4.4200000e-01   6.9610147e-01  -1.5732745e+00
  -4.4000000e-01   7.1060592e-01  -1.4837118e+00
  -4.3800000e-01   7.2482994e-01  -1.3976387e+00
  -4.3600000e-01   7.3875691e-01  -1.3149844e+00
  -4.3400000e-01   7.5237131e-01  -1.2356777e+00
  -4.3200000e-01   7.6565877e-01  -1.1596474e+00
  -4.3000000e-01   7.7860610e-01  -1.0868220e+00
  -4.2800000e-01   7.9120133e-01  -1.0171299e+00
  -4.2600000e-01   8.0343369e-01  -9.5049959e-01
  -4.2400000e-01   8.1529372e-01  -8.8685901e-01
  -4.2200000e-01   8.2677319e-01  -8.2613617e-01
  -4.2000000e-01   8.3786513e-01  -7.6825882e-01
  -4.1800000e-01   8.4856388e-01  -7.1315459e-01
  -4.1600000e-01   8.5886500e-01  -6.6075096e-01
  -4.1400000e-01   8.6876532e-01  -6.1097525e-01
  -4.1200000e-01   8.7826289e-01  -5.6375469e-01
  -4.1000000e-01   8.8735696e-01  -5.1901642e-01
  -4.0800000e-01   8.9604795e-01  -4.7668751e-01
  -4.0600000e-01   9.0433742e-01  -4.3669498e-01
  -4.0400000e-01   9.1222803e-01  -3.9896588e-01
  -4.0200000e-01   9.1972348e-01  -3.6342727e-01
  -4.0000000e-01   9.2682847e-01  -3.3000632e-01
  -3.9800000e-01   9.3354868e-01  -2.9863031e-01
  -3.9600000e-01   9.3989065e-01  -2.6922669e-01
  -3.9400000e-01   9.4586179e-01  -2.4172316e-01
  -3.9200000e-01   9.5147029e-01  -2.1604770e-01
  -3.9000000e-01   9.5672503e-01  -1.9212863e-01
  -3.8800000e-01   9.6163559e-01  -1.6989471e-01
  -3.8600000e-01   9.6621213e-01  -1.4927513e-01
  -3.8400000e-01   9.7046534e-01  -1.3019969e-01
  -3.8200000e-01   9.7440639e-01  -1.1259875e-01
  -3.8000000e-01   9.7804685e-01  -9.6403420e-02
  -3.7800000e-01   9.8139863e-01  -8.1545538e-02
  -3.7600000e-01   9.8447393e-01  -6.7957812e-02
  -3.7400000e-01   9.8728517e-01  -5.5573873e-02
  -3.7200000e-01   9.8984493e-01  -4.4328360e-02
  -3.7000000e-01   9.9216591e-01  -3.4157002e-02
  -3.6800000e-01   9.9426083e-01  -2.4996695e-02
  -3.6600000e-01   9.9614244e-01  -1.6785585e-02
  -3.6400000e-01   9.9782340e-01  -9.4631463e-03
  -3.6200000e-01   9.9931631e-01  -2.9702610e-03
  -3.6000000e-01   1.0006336e+00   2.7507059e-03
  -3.5800000e-01   1.0017874e+00   7.7558312e-03
  -3.5600000e-01   1.0027899e+00   1.2099562e-02
  -3.5400000e-01   1.0036527e+00   1.5834648e-02
  -3.5200000e-01   1.0043873e+00   1.9012074e-02
  -3.5000000e-01   1.0050047e+00   2.1681001e-02
  -3.4800000e-01   1.0055157e+00   2.3888710e-02
  -3.4600000e-01   1.0059307e+00   2.5680547e-02
  -3.4400000e-01   1.0062595e+00   2.7099881e-02
  -3.4200000e-01   1.0065116e+00   2.8188059e-02
  -3.4000000e-01   1.0066962e+00   2.8984374e-02
  -3.3800000e-01   1.0068218e+00   2.9526035e-02
  -3.3600000e-01   1.0068965e+00   2.9848143e-02
  -3.3400000e-01   1.0069279e+00   2.9983680e-02
  -3.3200000e-01   1.0069232e+00   2.9963497e-02
  -3.3000000e-01   1.0068891e+00   2.9816313e-02
  -3.2800000e-01   1.0068317e+00   2.9568721e-02
  -3.2600000e-01   1.0067567e+00   2.9245200e-02
  -3.2400000e-01   1.0066693e+00   2.8868137e-02
  -3.2200000e-01   1.0065742e+00   2.8457851e-02
  -3.2000000e-01   1.0064756e+00   2.8032629e-02
  -3.1800000e-01   1.0063774e+00   2.7608766e-02
  -3.1600000e-01   1.0062828e+00   2.7200612e-02
  -3.1400000e-01   1.0061948e+00   2.6820626e-02
  -3.1200000e-01   1.0061157e+00   2.6479437e-02
  -3.1000000e-01   1.0060477e+00   2.6185906e-02
  -3.0800000e-01   1.0059924e+00   2.5947201e-02
  -3.0600000e-01   1.0059511e+00   2.5768868e-02
  -3.0400000e-01   1.0059247e+00   2.5654916e-02
  -3.0200000e-01   1.0059139e+00   2.5607900e-02
  -3.0000000e-01   1.0059187e+00   2.5629004e-02
  -2.9800000e-01   1.0059394e+00   2.5718141e-02
  -2.9600000e-01   1.0059755e+00   2.5874038e-02
  -2.9400000e-01   1.0060265e+00   2.6094338e-02
  -2.9200000e-01   1.0060917e+00   2.6375691e-02
  -2.9000000e-01   1.0061700e+00   2.6713858e-02
  -2.8800000e-01   1.0062604e+00   2.7103807e-02
  -2.8600000e-01   1.0063614e+00   2.7539812e-02
  -2.8400000e-01   1.0064717e+00   2.8015549e-02
  -2.8200000e-01   1.0065896e+00   2.8524198e-02
  -2.8000000e-01   1.0067134e+00   2.9058532e-02
  -2.7800000e-01   1.0068415e+00   2.9611019e-02
  -2.7600000e-01   1.0069720e+00   3.0173905e-02
  -2.7400000e-01   1.0071031e+00   3.0739306e-02
  -2.7200000e-01   1.0072330e+00   3.1299297e-02
  -2.7000000e-01   1.0073598e+00   3.1845987e-02
  -2.6800000e-01   1.0074817e+00   3.2371602e-02
  -2.6600000e-01   1.0075970e+00   3.2868556e-02
  -2.6400000e-01   1.0077039e+00   3.3329523e-02
  -2.6200000e-01   1.0078009e+00   3.3747500e-02
  -2.6000000e-01   1.0078864e+00   3.4115866e-02
  -2.5800000e-01   1.0079589e+00   3.4428442e-02
  -2.5600000e-01   1.0080172e+00   3.4679531e-02
  -2.5400000e-01   1.0080600e+00   3.4863975e-02
  -2.5200000e-01   1.0080863e+00   3.4977182e-02
  -2.5000000e-01   1.0080951e+00   3.5015168e-02
  -2.4800000e-01   1.0080857e+00   3.4974582e-02
  -2.4600000e-01   1.0080574e+00   3.4852727e-02
  -2.4400000e-01   1.0080098e+00   3.4647580e-02
  -2.4200000e-01   1.0079426e+00   3.4357804e-02
  -2.4000000e-01   1.0078555e+00   3.3982753e-02
  -2.3800000e-01   1.0077487e+00   3.3522471e-02
  -2.3600000e-01   1.0076223e+00   3.2977694e-02
  -2.3400000e-01   1.0074766e+00   3.2349838e-02
  -2.3200000e-01   1.0073122e+00   3.1640984e-02
  -2.3000000e-01   1.0071297e+00   3.0853864e-02
  -2.2800000e-01   1.0069298e+00   2.9991833e-02
  -2.2600000e-01   1.0067135e+00   2.9058850e-02
  -2.2400000e-01   1.0064818e+00   2.8059439e-02
  -2.2200000e-01   1.0062360e+00   2.6998663e-02
  -2.2000000e-01   1.0059774e+00   2.5882080e-02
  -2.1800000e-01   1.0057072e+00   2.4715707e-02
  -2.1600000e-01   1.0054271e+00   2.3505974e-02
  -2.1400000e-01   1.0051386e+00   2.2259679e-02
  -2.1200000e-01   1.0048434e+00   2.0983940e-02
  -2.1000000e-01   1.0045432e+00   1.9686146e-02
  -2.0800000e-01   1.0042397e+00   1.8373904e-02
  -2.0600000e-01   1.0039348e+00   1.7054989e-02
  -2.0400000e-01   1.0036302e+00   1.5737288e-02
  -2.0200000e-01   1.0033279e+00   1.4428748e-02
  -2.0000000e-01   1.0030296e+00   1.3137323e-02
  -1.9800000e-01   1.0027371e+00   1.1870917e-02
  -1.9600000e-01   1.0024523e+00   1.0637334e-02
  -1.9400000e-01   1.0021770e+00   9.4442246e-03
  -1.9200000e-01   1.0019128e+00   8.2990357e-03
  -1.9000000e-01   1.0016613e+00   7.2089594e-03
  -1.8800000e-01   1.0014242e+00   6.1808868e-03
  -1.8600000e-01   1.0012030e+00   5.2213619e-03
  -1.8400000e-01   1.0009990e+00   4.3365385e-03
  -1.8200000e-01   1.0008136e+00   3.5321395e-03
  -1.8000000e-01   1.0006480e+00   2.8134194e-03
  -1.7800000e-01   1.0005033e+00   2.1851301e-03
  -1.7600000e-01   1.0003803e+00   1.6514891e-03
  -1.7400000e-01   1.0002801e+00   1.2161524e-03
  -1.7200000e-01   1.0002032e+00   8.8219037e-04
  -1.7000000e-01   1.0001502e+00   6.5206726e-04
  -1.6800000e-01   1.0001215e+00   5.2762539e-04
  -1.6600000e-01   1.0001175e+00   5.1007258e-04
  -1.6400000e-01   1.0001382e+00   5.9997404e-04
  -1.6200000e-01   1.0001836e+00   7.9724824e-04
  -1.6000000e-01   1.0002536e+00   1.1011668e-03
  -1.5800000e-01   1.0003478e+00   1.5103586e-03
  -1.5600000e-01   1.0004659e+00   2.0228178e-03
  -1.5400000e-01   1.0006071e+00   2.6359158e-03
  -1.5200000e-01   1.0007708e+00   3.3464172e-03
  -1.5000000e-01   1.0009561e+00   4.1504993e-03
  -1.4800000e-01   1.0011620e+00   5.0437752e-03
  -1.4600000e-01   1.0013874e+00   6.0213207e-03
  -1.4400000e-01   1.0016310e+00   7.0777036e-03
  -1.4200000e-01   1.0018915e+00   8.2070170e-03
  -1.4000000e-01   1.0021674e+00   9.4029146e-03
  -1.3800000e-01   1.0024573e+00   1.0658650e-02
  -1.3600000e-01   1.0027593e+00   1.1967114e-02
  -1.3400000e-01   1.0030720e+00   1.3320882e-02
  -1.3200000e-01   1.0033934e+00   1.4712256e-02
  -1.3000000e-01   1.0037217e+00   1.6133307e-02
  -1.2800000e-01   1.0040552e+00   1.7575930e-02
  -1.2600000e-01   1.0043919e+00   1.9031884e-02
  -1.2400000e-01   1.0047298e+00   2.0492846e-02
  -1.2200000e-01   1.0050671e+00   2.1950458e-02
  -1.2000000e-01   1.0054018e+00   2.3396374e-02
  -1.1800000e-01   1.0057319e+00   2.4822313e-02
  -1.1600000e-01   1.0060557e+00   2.6220106e-02
  -1.1400000e-01   1.0063711e+00   2.7581740e-02
  -1.1200000e-01   1.0066765e+00   2.8899410e-02
  -1.1000000e-01   1.0069701e+00   3.0165559e-02
  -1.0800000e-01   1.0072500e+00   3.1372925e-02
  -1.0600000e-01   1.0075149e+00   3.2514580e-02
  -1.0400000e-01   1.0077630e+00   3.3583974e-02
  -1.0200000e-01   1.0079930e+00   3.4574966e-02
  -1.0000000e-01   1.0082035e+00   3.5481864e-02
  -9.8000000e-02   1.0083933e+00   3.6299457e-02
  -9.6000000e-02   1.0085613e+00   3.7023042e-02
  -9.4000000e-02   1.0087066e+00   3.7648452e-02
  -9.2000000e-02   1.0088282e+00   3.8172080e-02
  -9.0000000e-02   1.0089255e+00   3.8590898e-02
  -8.8000000e-02   1.0089979e+00   3.8902474e-02
  -8.6000000e-02   1.0090449e+00   3.9104989e-02
  -8.4000000e-02   1.0090664e+00   3.9197243e-02
  -8.2000000e-02   1.0090620e+00   3.9178662e-02
  -8.0000000e-02   1.0090320e+00   3.9049304e-02
  -7.8000000e-02   1.0089763e+00   3.8809856e-02
  -7.6000000e-02   1.0088954e+00   3.8461632e-02
  -7.4000000e-02   1.0087897e+00   3.8006564e-02
  -7.2000000e-02   1.0086598e+00   3.7447191e-02
  -7.0000000e-02   1.0085064e+00   3.6786647e-02
  -6.8000000e-02   1.0083304e+00   3.6028641e-02
  -6.6000000e-02   1.0081328e+00   3.5177437e-02
  -6.4000000e-02   1.0079147e+00   3.4237831e-02
  -6.2000000e-02   1.0076774e+00   3.3215123e-02
  -6.0000000e-02   1.0074222e+00   3.2115085e-02
  -5.8000000e-02   1.0071505e+00   3.0943936e-02
  -5.6000000e-02   1.0068640e+00   2.9708297e-02
  -5.4000000e-02   1.0065643e+00   2.8415163e-02
  -5.2000000e-02   1.0062530e+00   2.7071856e-02
  -5.0000000e-02   1.0059319e+00   2.5685990e-02
  -4.8000000e-02   1.0056030e+00   2.4265422e-02
  -4.6000000e-02   1.0052679e+00   2.2818214e-02
  -4.4000000e-02   1.0049287e+00   2.1352581e-02
  -4.2000000e-02   1.0045873e+00   1.9876849e-02
  -4.0000000e-02   1.0042456e+00   1.8399407e-02
  -3.8000000e-02   1.0039056e+00   1.6928656e-02
  -3.6000000e-02   1.0035691e+00   1.5472964e-02
  -3.4000000e-02   1.0032382e+00   1.4040619e-02
  -3.2000000e-02   1.0029147e+00   1.2639779e-02
  -3.0000000e-02   1.0026003e+00   1.1278427e-02
  -2.8000000e-02   1.0022970e+00   9.9643232e-03
  -2.6000000e-02   1.0020064e+00   8.7049639e-03
  -2.4000000e-02   1.0017302e+00   7.5075352e-03
  -2.2000000e-02   1.0014699e+00   6.3788725e-03
  -2.0000000e-02   1.0012270e+00   5.3254215e-03
  -1.8000000e-02   1.0010029e+00   4.3532004e-03
  -1.6000000e-02   1.0007988e+00   3.4677650e-03
  -1.4000000e-02   1.0006159e+00   2.6741770e-03
  -1.2000000e-02   1.0004553e+00   1.9769742e-03
  -1.0000000e-02   1.0003178e+00   1.3801440e-03
  -8.0000000e-03   1.0002043e+00   8.8710091e-04
  -6.0000000e-03   1.0001153e+00   5.0066578e-04
  -4.0000000e-03   1.0000514e+00   2.2305000e-04
  -2.0000000e-03   1.0000129e+00   5.5842407e-05
   0.0000000e+00   1.0000000e+00   1.9286549e-14
   2.0000000e-03   1.0000129e+00   5.5842407e-05
   4.0000000e-03   1.0000514e+00   2.2305000e-04
   6.0000000e-03   1.0001153e+00   5.0066578e-04
   8.0000000e-03   1.0002043e+00   8.8710091e-04
   1.0000000e-02   1.0003178e+00   1.3801440e-03
   1.2000000e-02   1.0004553e+00   1.9769742e-03
   1.4000000e-02   1.0006159e+00   2.6741770e-03
   1.6000000e-02   1.0007988e+00   3.4677650e-03
   1.8000000e-02   1.0010029e+00   4.3532004e-03
   2.0000000e-02   1.0012270e+00   5.3254215e-03
   2.2000000e-02   1.0014699e+00   6.3788725e-03
   2.4000000e-02   1.0017302e+00   7.5075352e-03
   2.6000000e-02   1.0020064e+00   8.7049639e-03
   2.8000000e-02   1.0022970e+00   9.9643232e-03
   3.0000000e-02   1.0026003e+00   1.1278427e-02
   3.2000000e-02   1.0029147e+00   1.2639779e-02
   3.4000000e-02   1.0032382e+00   1.4040619e-02
   3.6000000e-02   1.0035691e+00   1.5472964e-02
   3.8000000e-02   1.0039056e+00   1.6928656e-02
   4.0000000e-02   1.0042456e+00   1.8399407e-02
   4.2000000e-02   1.0045873e+00   1.9876849e-02
   4.4000000e-02   1.0049287e+00   2.1352581e-02
   4.6000000e-02   1.0052679e+00   2.2818214e-02
   4.8000000e-02   1.0056030e+00   2.4265422e-02
   5.0000000e-02   1.0059319e+00   2.5685990e-02
   5.2000000e-02   1.0062530e+00   2.7071856e-02
   5.4000000e-02   1.0065643e+00   2.8415163e-02
   5.6000000e-02   1.0068640e+00   2.9708297e-02
   5.8000000e-02   1.0071505e+00   3.0943936e-02
   6.0000000e-02   1.0074222e+00   3.2115085e-02
   6.2000000e-02   1.0076774e+00   3.3215123e-02
   6.4000000e-02   1.0079147e+00   3.4237831e-02
   6.6000000e-02   1.0081328e+00   3.5177437e-02
   6.8000000e-02   1.0083304e+00   3.6028641e-02
   7.0000000e-02   1.0085064e+00   3.6786647e-02
   7.2000000e-02   1.0086598e+00   3.7447191e-02
   7.4000000e-02   1.0087897e+00   3.8006564e-02
   7.6000000e-02   1.0088954e+00   3.8461632e-02
   7.8000000e-02   1.0089763e+00   3.8809856e-02
   8.0000000e-02   1.0090320e+00   3.9049304e-02
   8.2000000e-02   1.0090620e+00   3.9178662e-02
   8.4000000e-02   1.0090664e+00   3.9197243e-02
   8.6000000e-02   1.0090449e+00   3.9104989e-02
   8.8000000e-02   1.0089979e+00   3.8902474e-02
   9.0000000e-02   1.0089255e+00   3.8590898e-02
   9.2000000e-02   1.0088282e+00   3.8172080e-02
   9.4000000e-02   1.0087066e+00   3.7648452e-02
   9.6000000e-02   1.0085613e+00   3.7023042e-02
   9.8000000e-02   1.0083933e+00   3.6299457e-02
   1.0000000e-01   1.0082035e+00   3.5481864e-02
   1.0200000e-01   1.0079930e+00   3.4574966e-02
   1.0400000e-01   1.0077630e+00   3.3583974e-02
   1.0600000e-01   1.0075149e+00   3.2514580e-02
   1.0800000e-01   1.0072500e+00   3.1372925e-02
   1.1000000e-01   1.0069701e+00   3.0165559e-02
   1.1200000e-01   1.0066765e+00   2.8899410e-02
   1.1400000e-01   1.0063711e+00   2.7581740e-02
   1.1600000e-01   1.0060557e+00   2.6220106e-02
   1.1800000e-01   1.0057319e+00   2.4822313e-02
   1.2000000e-01   1.0054018e+00   2.3396374e-02
   1.2200000e-01   1.0050671e+00   2.1950458e-02
   1.2400000e-01   1.0047298e+00   2.0492846e-02
   1.2600000e-01   1.0043919e+00   1.9031884e-02
   1.2800000e-01   1.0040552e+00   1.7575930e-02
   1.3000000e-01   1.0037217e+00   1.6133307e-02
   1.3200000e-01   1.0033934e+00   1.4712256e-02
   1.3400000e-01   1.0030720e+00   1.3320882e-02
   1.3600000e-01   1.0027593e+00   1.1967114e-02
   1.3800000e-01   1.0024573e+00   1.0658650e-02
   1.4000000e-01   1.0021674e+00   9.4029146e-03
   1.4200000e-01   1.0018915e+00   8.2070170e-03
   1.4400000e-01   1.0016310e+00   7.0777036e-03
   1.4600000e-01   1.0013874e+00   6.0213207e-03
   1.4800000e-01   1.0011620e+00   5.0437752e-03
   1.5000000e-01   1.0009561e+00   4.1504993e-03
   1.5200000e-01   1.0007708e+00   3.3464172e-03
   1.5400000e-01   1.0006071e+00   2.6359158e-03
   1.5600000e-01   1.0004659e+00   2.0228178e-03
   1.5800000e-01   1.0003478e+00   1.5103586e-03
   1.6000000e-01   1.0002536e+00   1.1011668e-03
   1.6200000e-01   1.0001836e+00   7.9724824e-04
   1.6400000e-01   1.0001382e+00   5.9997404e-04
   1.6600000e-01   1.0001175e+00   5.1007258e-04
   1.6800000e-01   1.0001215e+00   5.2762539e-04
   1.7000000e-01   1.0001502e+00   6.5206726e-04
   1.7200000e-01   1.0002032e+00   8.8219037e-04
   1.7400000e-01   1.0002801e+00   1.2161524e-03
   1.7600000e-01   1.0003803e+00   1.6514891e-03
   1.7800000e-01   1.0005033e+00   2.1851301e-03
   1.8000000e-01   1.0006480e+00   2.8134194e-03
   1.8200000e-01   1.0008136e+00   3.5321395e-03
   1.8400000e-01   1.0009990e+00   4.3365385e-03
   1.8600000e-01   1.0012030e+00   5.2213619e-03
   1.8800000e-01   1.0014242e+00   6.1808868e-03
   1.9000000e-01   1.0016613e+00   7.2089594e-03
   1.9200000e-01   1.0019128e+00   8.2990357e-03
   1.9400000e-01   1.0021770e+00   9.4442246e-03
   1.9600000e-01   1.0024523e+00   1.0637334e-02
   1.9800000e-01   1.0027371e+00   1.1870917e-02
   2.0000000e-01   1.0030296e+00   1.3137323e-02
   2.0200000e-01   1.0033279e+00   1.4428748e-02
   2.0400000e-01   1.0036302e+00   1.5737288e-02
   2.0600000e-01   1.0039348e+00   1.7054989e-02
   2.0800000e-01   1.0042397e+00   1.8373904e-02
   2.1000000e-01   1.0045432e+00   1.9686146e-02
   2.1200000e-01   1.0048434e+00   2.0983940e-02
   2.1400000e-01   1.0051386e+00   2.2259679e-02
   2.1600000e-01   1.0054271e+00   2.3505974e-02
   2.1800000e-01   1.0057072e+00   2.4715707e-02
   2.2000000e-01   1.0059774e+00   2.5882080e-02
   2.2200000e-01   1.0062360e+00   2.6998663e-02
   2.2400000e-01   1.0064818e+00   2.8059439e-02
   2.2600000e-01   1.0067135e+00   2.9058850e-02
   2.2800000e-01   1.0069298e+00   2.9991833e-02
   2.3000000e-01   1.0071297e+00   3.0853864e-02
   2.3200000e-01   1.0073122e+00   3.1640984e-02
   2.3400000e-01   1.0074766e+00   3.2349838e-02
   2.3600000e-01   1.0076223e+00   3.2977694e-02
   2.3800000e-01   1.0077487e+00   3.3522471e-02
   2.4000000e-01   1.0078555e+00   3.3982753e-02
   2.4200000e-01   1.0079426e+00   3.4357804e-02
   2.4400000e-01   1.0080098e+00   3.4647580e-02
   2.4600000e-01   1.0080574e+00   3.4852727e-02
   2.4800000e-01   1.0080857e+00   3.4974582e-02
   2.5000000e-01   1.0080951e+00   3.5015168e-02
   2.5200000e-01   1.0080863e+00   3.4977182e-02
   2.5400000e-01   1.0080600e+00   3.4863975e-02
   2.5600000e-01   1.0080172e+00   3.4679531e-02
   2.5800000e-01   1.0079589e+00   3.4428442e-02
   2.6000000e-01   1.0078864e+00   3.4115866e-02
   2.6200000e-01   1.0078009e+00   3.3747500e-02
   2.6400000e-01   1.0077039e+00   3.3329523e-02
   2.6600000e-01   1.0075970e+00   3.2868556e-02
   2.6800000e-01   1.0074817e+00   3.2371602e-02
   2.7000000e-01   1.0073598e+00   3.1845987e-02
   2.7200000e-01   1.0072330e+00   3.1299297e-02
   2.7400000e-01   1.0071031e+00   3.0739306e-02
   2.7600000e-01   1.0069720e+00   3.0173905e-02
   2.7800000e-01   1.0068415e+00   2.9611019e-02
   2.8000000e-01   1.0067134e+00   2.9058532e-02
   2.8200000e-01   1.0065896e+00   2.8524198e-02
   2.8400000e-01   1.0064717e+00   2.8015549e-02
   2.8600000e-01   1.0063614e+00   2.7539812e-02
   2.8800000e-01   1.0062604e+00   2.7103807e-02
   2.9000000e-01   1.0061700e+00   2.6713858e-02
   2.9200000e-01   1.0060917e+00   2.6375691e-02
   2.9400000e-01   1.0060265e+00   2.6094338e-02
   2.9600000e-01   1.0059755e+00   2.5874038e-02
   2.9800000e-01   1.0059394e+00   2.5718141e-02
   3.0000000e-01   1.0059187e+00   2.5629004e-02
   3.0200000e-01   1.0059139e+00   2.5607900e-02
   3.0400000e-01   1.0059247e+00   2.5654916e-02
   3.0600000e-01   1.0059511e+00   2.5768868e-02
   3.0800000e-01   1.0059924e+00   2.5947201e-02
   3.1000000e-01   1.0060477e+00   2.6185906e-02
   3.1200000e-01   1.0061157e+00   2.6479437e-02
   3.1400000e-01   1.0061948e+00   2.6820626e-02
   3.1600000e-01   1.0062828e+00   2.7200612e-02
   3.1800000e-01   1.0063774e+00   2.7608766e-02
   3.2000000e-01   1.0064756e+00   2.8032629e-02
   3.2200000e-01   1.0065742e+00   2.8457851e-02
   3.2400000e-01   1.0066693e+00   2.8868137e-02
   3.2600000e-01   1.0067567e+00   2.9245200e-02
   3.2800000e-01   1.0068317e+00   2.9568721e-02
   3.3000000e-01   1.0068891e+00   2.9816313e-02
   3.3200000e-01   1.0069232e+00   2.9963497e-02
   3.3400000e-01   1.0069279e+00   2.9983680e-02
   3.3600000e-01   1.0068965e+00   2.9848143e-02
   3.3800000e-01   1.0068218e+00   2.9526035e-02
   3.4000000e-01   1.0066962e+00   2.8984374e-02
   3.4200000e-01   1.0065116e+00   2.8188059e-02
   3.4400000e-01   1.0062595e+00   2.7099881e-02
   3.4600000e-01   1.0059307e+00   2.5680547e-02
   3.4800000e-01   1.0055157e+00   2.3888710e-02
   3.5000000e-01   1.0050047e+00   2.1681001e-02
   3.5200000e-01   1.0043873e+00   1.9012074e-02
   3.5400000e-01   1.0036527e+00   1.5834648e-02
   3.5600000e-01   1.0027899e+00   1.2099562e-02
   3.5800000e-01   1.0017874e+00   7.7558312e-03
   3.6000000e-01   1.0006336e+00   2.7507059e-03
   3.6200000e-01   9.9931631e-01  -2.9702610e-03
   3.6400000e-01   9.9782340e-01  -9.4631463e-03
   3.6600000e-01   9.9614244e-01  -1.6785585e-02
   3.6800000e-01   9.9426083e-01  -2.4996695e-02
   3.7000000e-01   9.9216591e-01  -3.4157002e-02
   3.7200000e-01   9.8984493e-01  -4.4328360e-02
   3.7400000e-01   9.8728517e-01  -5.5573873e-02
   3.7600000e-01   9.8447393e-01  -6.7957812e-02
   3.7800000e-01   9.8139863e-01  -8.1545538e-02
   3.8000000e-01   9.7804685e-01  -9.6403420e-02
   3.8200000e-01   9.7440639e-01  -1.1259875e-01
   3.8400000e-01   9.7046534e-01  -1.3019969e-01
   3.8600000e-01   9.6621213e-01  -1.4927513e-01
   3.8800000e-01   9.6163559e-01  -1.6989471e-01
   3.9000000e-01   9.5672503e-01  -1.9212863e-01
   3.9200000e-01   9.5147029e-01  -2.1604770e-01
   3.9400000e-01   9.4586179e-01  -2.4172316e-01
   3.9600000e-01   9.3989065e-01  -2.6922669e-01
   3.9800000e-01   9.3354868e-01  -2.9863031e-01
   4.0000000e-01   9.2682847e-01  -3.3000632e-01
   4.0200000e-01   9.1972348e-01  -3.6342727e-01
   4.0400000e-01   9.1222803e-01  -3.9896588e-01
   4.0600000e-01   9.0433742e-01  -4.3669498e-01
   4.0800000e-01   8.9604795e-01  -4.7668751e-01
   4.1000000e-01   8.8735696e-01  -5.1901642e-01
   4.1200000e-01   8.7826289e-01  -5.6375469e-01
   4.1400000e-01   8.6876532e-01  -6.1097525e-01
   4.1600000e-01   8.5886500e-01  -6.6075096e-01
   4.1800000e-01   8.4856388e-01  -7.1315459e-01
   4.2000000e-01   8.3786513e-01  -7.6825882e-01
   4.2200000e-01   8.2677319e-01  -8.2613617e-01
   4.2400000e-01   8.1529372e-01  -8.8685901e-01
   4.2600000e-01   8.0343369e-01  -9.5049959e-01
   4.2800000e-01   7.9120133e-01  -1.0171299e+00
   4.3000000e-01   7.7860610e-01  -1.0868220e+00
   4.3200000e-01   7.6565877e-01  -1.1596474e+00
   4.3400000e-01   7.5237131e-01  -1.2356777e+00
   4.3600000e-01   7.3875691e-01  -1.3149844e+00
   4.3800000e-01   7.2482994e-01  -1.3976387e+00
   4.4000000e-01   7.1060592e-01  -1.4837118e+00
   4.4200000e-01   6.9610147e-01  -1.5732745e+00
   4.4400000e-01   6.8133423e-01  -1.6663979e+00
   4.4600000e-01   6.6632287e-01  -1.7631528e+00
   4.4800000e-01   6.5108697e-01  -1.8636100e+00
   4.5000000e-01   6.3564696e-01  -1.9678402e+00
   4.5200000e-01   6.2002408e-01  -2.0759144e+00
   4.5400000e-01   6.0424026e-01  -2.1879034e+00
   4.5600000e-01   5.8831806e-01  -2.3038782e+00
   4.5800000e-01   5.7228059e-01  -2.4239099e+00
   4.6000000e-01   5.5615138e-01  -2.5480698e+00
   4.6200000e-01   5.3995436e-01  -2.6764295e+00
   4.6400000e-01   5.2371368e-01  -2.8090608e+00
   4.6600000e-01   5.0745367e-01  -2.9460360e+00
   4.6800000e-01   4.9119873e-01  -3.0874276e+00
   4.7000000e-01   4.7497322e-01  -3.2333088e+00
   4.7200000e-01   4.5880136e-01  -3.3837530e+00
   4.7400000e-01   4.4270716e-01  -3.5388345e+00
   4.7600000e-01   4.2671428e-01  -3.6986282e+00
   4.7800000e-01   4.1084597e-01  -3.8632097e+00
   4.8000000e-01   3.9512496e-01  -4.0326554e+00
   4.8200000e-01   3.7957337e-01  -4.2070426e+00
   4.8400000e-01   3.6421265e-01  -4.3864497e+00
   4.8600000e-01   3.4906346e-01  -4.5709561e+00
   4.8800000e-01   3.3414562e-01  -4.7606423e+00
   4.9000000e-01   3.1947801e-01  -4.9555903e+00
   4.9200000e-01   3.0507855e-01  -5.1558833e+00
   4.9400000e-01   2.9096410e-01  -5.3616060e+00
   4.9600000e-01   2.7715041e-01  -5.5728447e+00
   4.9800000e-01   2.6365211e-01  -5.7896876e+00
   5.0000000e-01   2.5048259e-01  -6.0122245e+00
   5.0200000e-01   2.3765407e-01  -6.2405474e+00
   5.0400000e-01   2.2517749e-01  -6.4747503e+00
   5.0600000e-01   2.1306251e-01  -6.7149296e+00
   5.0800000e-01   2.0131753e-01  -6.9611840e+00
   5.1000000e-01   1.8994965e-01  -7.2136150e+00
   5.1200000e-01   1.7896468e-01  -7.4723268e+00
   5.1400000e-01   1.6836714e-01  -7.7374265e+00
   5.1600000e-01   1.5816032e-01  -8.0090246e+00
   5.1800000e-01   1.4834623e-01  -8.2872348e+00
   5.2000000e-01   1.3892569e-01  -8.5721745e+00
   5.2200000e-01   1.2989831e-01  -8.8639651e+00
   5.2400000e-01   1.2126258e-01  -9.1627320e+00
   5.2600000e-01   1.1301588e-01  -9.4686053e+00
   5.2800000e-01   1.0515454e-01  -9.7817195e+00
   5.3000000e-01   9.7673905e-02  -1.0102214e+01
   5.3200000e-01   9.0568352e-02  -1.0430235e+01
   5.3400000e-01   8.3831393e-02  -1.0765933e+01
   5.3600000e-01   7.7455718e-02  -1.1109465e+01
   5.3800000e-01   7.1433258e-02  -1.1460995e+01
   5.4000000e-01   6.5755261e-02  -1.1820695e+01
   5.4200000e-01   6.0412350e-02  -1.2188743e+01
   5.4400000e-01   5.5394598e-02  -1.2565326e+01
   5.4600000e-01   5.0691593e-02  -1.2950641e+01
   5.4800000e-01   4.6292510e-02  -1.3344893e+01
   5.5000000e-01   4.2186175e-02  -1.3748298e+01
   5.5200000e-01   3.8361137e-02  -1.4161085e+01
   5.5400000e-01   3.4805726e-02  -1.4583493e+01
   5.5600000e-01   3.1508123e-02  -1.5015775e+01
   5.5800000e-01   2.8456419e-02  -1.5458198e+01
   5.6000000e-01   2.5638671e-02  -1.5911045e+01
   5.6200000e-01   2.3042964e-02  -1.6374617e+01
   5.6400000e-01   2.0657454e-02  -1.6849232e+01
   5.6600000e-01   1.8470428e-02  -1.7335230e+01
   5.6800000e-01   1.6470343e-02  -1.7832974e+01
   5.7000000e-01   1.4645869e-02  -1.8342849e+01
   5.7200000e-01   1.2985930e-02  -1.8865270e+01
   5.7400000e-01   1.1479737e-02  -1.9400681e+01
   5.7600000e-01   1.0116818e-02  -1.9949561e+01
   5.7800000e-01   8.8870482e-03  -2.0512425e+01
   5.8000000e-01   7.7806691e-03  -2.1089831e+01
   5.8200000e-01   6.7883107e-03  -2.1682383e+01
   5.8400000e-01   5.9010063e-03  -2.2290739e+01
   5.8600000e-01   5.1102045e-03  -2.2915617e+01
   5.8800000e-01   4.4077788e-03  -2.3557802e+01
   5.9000000e-01   3.7860323e-03  -2.4218157e+01
   5.9200000e-01   3.2377004e-03  -2.4897633e+01
   5.9400000e-01   2.7559503e-03  -2.5597286e+01
   5.9600000e-01   2.3343781e-03  -2.6318288e+01
   5.9800000e-01   1.9670026e-03  -2.7061951e+01
   6.0000000e-01   1.6482581e-03  -2.7829748e+01
   6.0200000e-01   1.3729837e-03  -2.8623346e+01
   6.0400000e-01   1.1364122e-03  -2.9444641e+01
   6.0600000e-01   9.3415652e-04  -3.0295804e+01
   6.0800000e-01   7.6219516e-04  -3.1179338e+01
   6.1000000e-01   6.1685631e-04  -3.2098160e+01
   6.1200000e-01   4.9480130e-04  -3.3055692e+01
   6.1400000e-01   3.9300720e-04  -3.4055995e+01
   6.1600000e-01   3.0874901e-04  -3.5103944e+01
   6.1800000e-01   2.3958146e-04  -3.6205468e+01
   6.2000000e-01   1.8332073e-04  -3.7367884e+01
   6.2200000e-01   1.3802621e-04  -3.8600384e+01
   6.2400000e-01   1.0198245e-04  -3.9914746e+01
   6.2600000e-01   7.3681357e-05  -4.1326424e+01
   6.2800000e-01   5.1804915e-05  -4.2856290e+01
   6.3000000e-01   3.5208408e-05  -4.4533536e+01
   6.3200000e-01   2.2904282e-05  -4.6400833e+01
   6.3400000e-01   1.4046723e-05  -4.8524250e+01
   6.3600000e-01   7.9170047e-06  -5.1014391e+01
   6.3800000e-01   3.9096634e-06  -5.4078606e+01
   6.4000000e-01   1.5195281e-06  -5.8182913e+01
   6.4200000e-01   3.2963207e-07  -6.4819705e+01
   6.4400000e-01   1.8664949e-11  -1.0728973e+02
   6.4600000e-01   2.5744105e-07  -6.5893222e+01
   6.4800000e-01   8.8594802e-07  -6.0525918e+01
   6.5000000e-01   1.7183388e-06  -5.7648912e+01
   6.5200000e-01   2.6284623e-06  -5.5802982e+01
   6.5400000e-01   3.5243290e-06  -5.4529236e+01
   6.5600000e-01   4.3419992e-06  -5.3623103e+01
   6.5800000e-01   5.0402066e-06  -5.2975517e+01
   6.6000000e-01   5.5956705e-06  -5.2521479e+01
   6.6200000e-01   5.9990514e-06  -5.2219174e+01
   6.6400000e-01   6.2514985e-06  -5.2040159e+01
   6.6600000e-01   6.3617406e-06  -5.1964240e+01
   6.6800000e-01   6.3436677e-06  -5.1976596e+01
   6.7000000e-01   6.2143558e-06  -5.2066039e+01
   6.7200000e-01   5.9924840e-06  -5.2223931e+01
   6.7400000e-01   5.6970980e-06  -5.2443463e+01
   6.7600000e-01   5.3466735e-06  -5.2719163e+01
   6.7800000e-01   4.9584382e-06  -5.3046551e+01
   6.8000000e-01   4.5479124e-06  -5.3421879e+01
   6.8200000e-01   4.1286296e-06  -5.3841941e+01
   6.8400000e-01   3.7120066e-06  -5.4303913e+01
   6.8600000e-01   3.3073288e-06  -5.4805226e+01
   6.8800000e-01   2.9218276e-06  -5.5343454e+01
   6.9000000e-01   2.5608230e-06  -5.5916204e+01
   6.9200000e-01   2.2279116e-06  -5.6521021e+01
   6.9400000e-01   1.9251837e-06  -5.7155278e+01
   6.9600000e-01   1.6534532e-06  -5.7816081e+01
   6.9800000e-01   1.4124886e-06  -5.8500150e+01
   7.0000000e-01   1.2012366e-06  -5.9203714e+01
   7.0200000e-01   1.0180307e-06  -5.9922391e+01
   7.0400000e-01   8.6077873e-07  -6.0651085e+01
   7.0600000e-01   7.2712810e-07  -6.1383891e+01
   7.0800000e-01   6.1460490e-07  -6.2114040e+01
   7.1000000e-01   5.2072780e-07  -6.2833892e+01
   7.1200000e-01   4.4309691e-07  -6.3535013e+01
   7.1400000e-01   3.7945912e-07  -6.4208350e+01
   7.1600000e-01   3.2775214e-07  -6.4844545e+01
   7.1800000e-01   2.8612972e-07  -6.5434370e+01
   7.2000000e-01   2.5297104e-07  -6.5969292e+01
   7.2200000e-01   2.2687711e-07  -6.6442093e+01
   7.2400000e-01   2.0665725e-07  -6.6847493e+01
   7.2600000e-01   1.9130847e-07  -6.7182658e+01
   7.2800000e-01   1.7999029e-07  -6.7447509e+01
   7.3000000e-01   1.7199754e-07  -6.7644778e+01
   7.3200000e-01   1.6673306e-07  -6.7779783e+01
   7.3400000e-01   1.6368190e-07  -6.7859993e+01
   7.3600000e-01   1.6238855e-07  -6.7894446e+01
   7.3800000e-01   1.6243790e-07  -6.7893126e+01
   7.4000000e-01   1.6344069e-07  -6.7866398e+01
   7.4200000e-01   1.6502363e-07  -6.7824539e+01
   7.4400000e-01   1.6682416e-07  -6.7777411e+01
   7.4600000e-01   1.6848953e-07  -6.7734271e+01
   7.4800000e-01   1.6967977e-07  -6.7703699e+01
   7.5000000e-01   1.7007383e-07  -6.7693625e+01
   7.5200000e-01   1.6937813e-07  -6.7711427e+01
   7.5400000e-01   1.6733659e-07  -6.7764091e+01
   7.5600000e-01   1.6374148e-07  -6.7858413e+01
   7.5800000e-01   1.5844395e-07  -6.8001243e+01
   7.6000000e-01   1.5136365e-07  -6.8199784e+01
   7.6200000e-01   1.4249673e-07  -6.8461951e+01
   7.6400000e-01   1.3192145e-07  -6.8796846e+01
   7.6600000e-01   1.1980109e-07  -6.9215392e+01
   7.6800000e-01   1.0638383e-07  -6.9731244e+01
   7.7000000e-01   9.1999332e-08  -7.0362153e+01
   7.7200000e-01   7.7052053e-08  -7.1132158e+01
   7.7400000e-01   6.2011480e-08  -7.2075279e+01
   7.7600000e-01   4.7399427e-08  -7.3242269e+01
   7.7800000e-01   3.3774863e-08  -7.4714064e+01
   7.8000000e-01   2.1716727e-08  -7.6632056e+01
   7.8200000e-01   1.1805300e-08  -7.9279230e+01
   7.8400000e-01   4.6027589e-09  -8.3369818e+01
   7.8600000e-01   6.3357625e-10  -9.1982011e+01
   7.8800000e-01   3.6543920e-10  -9.4371849e+01
   7.9000000e-01   4.1913409e-09  -8.3776470e+01
   7.9200000e-01   1.2413470e-08  -7.9061068e+01
   7.9400000e-01   2.5229462e-08  -7.5980920e+01
   7.9600000e-01   4.2721500e-08  -7.3693535e+01
   7.9800000e-01   6.4848668e-08  -7.1880989e+01
   8.0000000e-01   9.1442846e-08  -7.0388503e+01
   8.0200000e-01   1.2220834e-07  -6.9128992e+01
   8.0400000e-01   1.5672529e-07  -6.8048609e+01
   8.0600000e-01   1.9445687e-07  -6.7111767e+01
   8.0800000e-01   2.3476001e-07  -6.6293759e+01
   8.1000000e-01   2.7689948e-07  -6.5576779e+01
   8.1200000e-01   3.2006491e-07  -6.4947619e+01
   8.1400000e-01   3.6339021e-07  -6.4396268e+01
   8.1600000e-01   4.0597507e-07  -6.3915006e+01
   8.1800000e-01   4.4690768e-07  -6.3497822e+01
   8.2000000e-01   4.8528823e-07  -6.3140002e+01
   8.2200000e-01   5.2025250e-07  -6.2837858e+01
   8.2400000e-01   5.5099483e-07  -6.2588525e+01
   8.2600000e-01   5.7678985e-07  -6.2389824e+01
   8.2800000e-01   5.9701242e-07  -6.2240166e+01
   8.3000000e-01   6.1115518e-07  -6.2138485e+01
   8.3200000e-01   6.1884321e-07  -6.2084194e+01
   8.3400000e-01   6.1984544e-07  -6.2077166e+01
   8.3600000e-01   6.1408244e-07  -6.2117733e+01
   8.3800000e-01   6.0163038e-07  -6.2206702e+01
   8.4000000e-01   5.8272112e-07  -6.2345392e+01
   8.4200000e-01   5.5773824e-07  -6.2535696e+01
   8.4400000e-01   5.2720926e-07  -6.2780170e+01
   8.4600000e-01   4.9179425e-07  -6.3082166e+01
   8.4800000e-01   4.5227089e-07  -6.3446014e+01
   8.5000000e-01   4.0951672e-07  -6.3877284e+01
   8.5200000e-01   3.6448864e-07  -6.4383160e+01
   8.5400000e-01   3.1820052e-07  -6.4972991e+01
   8.5600000e-01   2.7169921e-07  -6.5659116e+01
   8.5800000e-01   2.2603976e-07  -6.6458152e+01
   8.6000000e-01   1.8226035e-07  -6.7393078e+01
   8.6200000e-01   1.4135758e-07  -6.8496809e+01
   8.6400000e-01   1.0426278e-07  -6.9818707e+01
   8.6600000e-01   7.1819826e-08  -7.1437556e+01
   8.6800000e-01   4.4765154e-08  -7.3490599e+01
   8.7000000e-01   2.3710296e-08  -7.6250630e+01
   8.7200000e-01   9.1274811e-09  -8.0396491e+01
   8.7400000e-01   1.3385826e-09  -8.8733548e+01
   8.7600000e-01   5.0769015e-10  -9.2944013e+01
   8.7800000e-01   6.6374663e-09  -8.1779977e+01
   8.8000000e-01   1.9569364e-08  -7.7084233e+01
   8.8200000e-01   3.8987679e-08  -7.4090726e+01
   8.8400000e-01   6.4427330e-08  -7.1909299e+01
   8.8600000e-01   9.5285145e-08  -7.0209748e+01
   8.8800000e-01   1.3083438e-07  -6.8832781e+01
   8.9000000e-01   1.7024209e-07  -6.7689331e+01
   8.9200000e-01   2.1258894e-07  -6.6724593e+01
   8.9400000e-01   2.5689094e-07  -6.5902512e+01
   8.9600000e-01   3.0212260e-07  -6.5198168e+01
   8.9800000e-01   3.4724094e-07  -6.4593691e+01
   9.0000000e-01   3.9120974e-07  -6.4075903e+01
   9.0200000e-01   4.3302353e-07  -6.3634885e+01
   9.0400000e-01   4.7173070e-07  -6.3263059e+01
   9.0600000e-01   5.0645515e-07  -6.2954590e+01
   9.0800000e-01   5.3641615e-07  -6.2704982e+01
   9.1000000e-01   5.6094569e-07  -6.2510792e+01
   9.1200000e-01   5.7950318e-07  -6.2369442e+01
   9.1400000e-01   5.9168706e-07  -6.2279079e+01
   9.1600000e-01   5.9724307e-07  -6.2238489e+01
   9.1800000e-01   5.9606905e-07  -6.2247034e+01
   9.2000000e-01   5.8821613e-07  -6.2304631e+01
   9.2200000e-01   5.7388645e-07  -6.2411740e+01
   9.2400000e-01   5.5342730e-07  -6.2569394e+01
   9.2600000e-01   5.2732202e-07  -6.2779241e+01
   9.2800000e-01   4.9617777e-07  -6.3043627e+01
   9.3000000e-01   4.6071066e-07  -6.3365717e+01
   9.3200000e-01   4.2172832e-07  -6.3749672e+01
   9.3400000e-01   3.8011074e-07  -6.4200899e+01
   9.3600000e-01   3.3678940e-07  -6.4726416e+01
   9.3800000e-01   2.9272559e-07  -6.5335393e+01
   9.4000000e-01   2.4888815e-07  -6.6039958e+01
   9.4200000e-01   2.0623126e-07  -6.6856455e+01
   9.4400000e-01   1.6567287e-07  -6.7807486e+01
   9.4600000e-01   1.2807405e-07  -6.8925389e+01
   9.4800000e-01   9.4219968e-08  -7.0258570e+01
   9.5000000e-01   6.4802755e-08  -7.1884065e+01
   9.5200000e-01   4.0406672e-08  -7.3935469e+01
   9.5400000e-01   2.1495933e-08  -7.6676437e+01
   9.5600000e-01   8.4053975e-09  -8.0754417e+01
   9.5800000e-01   1.3343193e-09  -8.8747402e+01
   9.6000000e-01   3.4327648e-10  -9.4643560e+01
   9.6200000e-01   5.3543011e-09  -8.2712972e+01
   9.6400000e-01   1.6154178e-08  -7.7917151e+01
   9.6600000e-01   3.2400798e-08  -7.4894443e+01
   9.6800000e-01   5.3632385e-08  -7.2705729e+01
   9.7000000e-01   7.9279353e-08  -7.1008399e+01
   9.7200000e-01   1.0867848e-07  -6.9638564e+01
   9.7400000e-01   1.4108908e-07  -6.8505066e+01
   9.7600000e-01   1.7571072e-07  -6.7552017e+01
   9.7800000e-01   2.1170212e-07  -6.6742748e+01
   9.8000000e-01   2.4820075e-07  -6.6051969e+01
   9.8200000e-01   2.8434267e-07  -6.5461580e+01
   9.8400000e-01   3.1928222e-07  -6.4958253e+01
   9.8600000e-01   3.5221097e-07  -6.4531971e+01
   9.8800000e-01   3.8237566e-07  -6.4175098e+01
   9.9000000e-01   4.0909463e-07  -6.3881762e+01
   9.9200000e-01   4.3177249e-07  -6.3647450e+01
   9.9400000e-01   4.4991252e-07  -6.3468719e+01
   9.9600000e-01   4.6312680e-07  -6.3343001e+01
   9.9800000e-01   4.7114368e-07  -6.3268466e+01
   1.0000000e+00   4.7381250e-07  -6.3243935e+01
